,id,sentenceId2,x,y
0,001,03,0,6
1,001,03,5,2
2,001,03,10,0
3,001,03,13,1
4,001,03,16,0
5,001,03,21,3
6,001,03,26,6
7,001,03,21,10
8,001,03,16,12
9,001,03,13,12
10,001,03,9,12
11,001,03,5,10
12,001,03,2,6
13,001,03,10,5
14,001,03,13,5
15,001,03,16,5
16,001,03,23,6
17,001,03,16,6
18,001,03,13,6
19,001,03,9,6
20,003,03,0,8
21,003,03,3,2
22,003,03,8,0
23,003,03,12,1
24,003,03,16,0
25,003,03,21,3
26,003,03,24,9
27,003,03,21,15
28,003,03,16,18
29,003,03,12,18
30,003,03,8,18
31,003,03,3,15
32,003,03,2,8
33,003,03,8,6
34,003,03,12,6
35,003,03,16,6
36,003,03,22,9
37,003,03,16,10
38,003,03,12,10
39,003,03,8,9
40,002,03,0,6
41,002,03,4,2
42,002,03,9,0
43,002,03,13,1
44,002,03,16,0
45,002,03,21,2
46,002,03,25,7
47,002,03,21,12
48,002,03,16,14
49,002,03,12,14
50,002,03,8,14
51,002,03,4,12
52,002,03,3,6
53,002,03,9,5
54,002,03,12,5
55,002,03,16,5
56,002,03,23,7
57,002,03,16,7
58,002,03,12,8
59,002,03,9,7
60,012,03,0,5
61,012,03,4,1
62,012,03,9,0
63,012,03,12,1
64,012,03,16,0
65,012,03,21,2
66,012,03,26,6
67,012,03,21,10
68,012,03,16,11
69,012,03,12,11
70,012,03,8,11
71,012,03,4,9
72,012,03,2,5
73,012,03,9,4
74,012,03,12,4
75,012,03,16,4
76,012,03,24,5
77,012,03,16,5
78,012,03,12,5
79,012,03,9,5
80,006,03,0,7
81,006,03,3,3
82,006,03,8,0
83,006,03,11,1
84,006,03,14,1
85,006,03,19,3
86,006,03,22,8
87,006,03,18,13
88,006,03,14,15
89,006,03,11,15
90,006,03,7,15
91,006,03,3,13
92,006,03,2,7
93,006,03,8,6
94,006,03,11,7
95,006,03,14,6
96,006,03,20,8
97,006,03,14,7
98,006,03,11,7
99,006,03,8,7
100,007,03,0,6
101,007,03,4,2
102,007,03,8,0
103,007,03,12,1
104,007,03,15,0
105,007,03,19,3
106,007,03,22,8
107,007,03,19,13
108,007,03,15,15
109,007,03,11,15
110,007,03,8,14
111,007,03,3,12
112,007,03,2,6
113,007,03,8,5
114,007,03,11,6
115,007,03,15,5
116,007,03,20,7
117,007,03,15,7
118,007,03,11,7
119,007,03,8,7
120,005,03,0,7
121,005,03,5,3
122,005,03,11,0
123,005,03,15,1
124,005,03,19,1
125,005,03,24,3
126,005,03,29,8
127,005,03,24,14
128,005,03,19,16
129,005,03,14,16
130,005,03,10,16
131,005,03,5,13
132,005,03,3,7
133,005,03,11,5
134,005,03,15,5
135,005,03,18,5
136,005,03,26,8
137,005,03,18,9
138,005,03,14,9
139,005,03,11,9
140,011,03,0,4
141,011,03,6,2
142,011,03,11,0
143,011,03,15,2
144,011,03,18,1
145,011,03,24,2
146,011,03,29,5
147,011,03,24,11
148,011,03,19,13
149,011,03,14,13
150,011,03,11,13
151,011,03,6,10
152,011,03,3,5
153,011,03,11,4
154,011,03,15,5
155,011,03,18,4
156,011,03,27,5
157,011,03,18,7
158,011,03,14,8
159,011,03,11,7
160,010,03,0,3
161,010,03,6,1
162,010,03,12,0
163,010,03,15,1
164,010,03,19,0
165,010,03,25,1
166,010,03,31,3
167,010,03,25,8
168,010,03,19,11
169,010,03,15,11
170,010,03,11,11
171,010,03,5,8
172,010,03,2,3
173,010,03,12,3
174,010,03,15,4
175,010,03,19,3
176,010,03,29,3
177,010,03,19,6
178,010,03,15,6
179,010,03,11,6
180,004,03,0,9
181,004,03,4,2
182,004,03,9,0
183,004,03,13,0
184,004,03,17,0
185,004,03,23,3
186,004,03,26,9
187,004,03,23,17
188,004,03,17,21
189,004,03,12,21
190,004,03,8,20
191,004,03,3,17
192,004,03,3,8
193,004,03,9,5
194,004,03,13,5
195,004,03,17,5
196,004,03,24,9
197,004,03,17,12
198,004,03,13,13
199,004,03,8,12
200,009,03,0,2
201,009,03,6,0
202,009,03,11,0
203,009,03,15,1
204,009,03,19,0
205,009,03,24,1
206,009,03,31,3
207,009,03,24,7
208,009,03,19,8
209,009,03,15,8
210,009,03,11,8
211,009,03,6,6
212,009,03,2,2
213,009,03,11,3
214,009,03,15,4
215,009,03,19,4
216,009,03,28,3
217,009,03,19,4
218,009,03,15,4
219,009,03,11,4
220,008,03,0,4
221,008,03,5,1
222,008,03,10,0
223,008,03,13,1
224,008,03,17,0
225,008,03,22,2
226,008,03,27,6
227,008,03,22,10
228,008,03,17,12
229,008,03,13,12
230,008,03,10,11
231,008,03,5,9
232,008,03,2,5
233,008,03,10,4
234,008,03,13,5
235,008,03,17,4
236,008,03,25,6
237,008,03,17,5
238,008,03,13,6
239,008,03,10,5
240,001,04,0,4
241,001,04,6,1
242,001,04,11,0
243,001,04,14,1
244,001,04,18,0
245,001,04,22,2
246,001,04,27,5
247,001,04,22,8
248,001,04,17,9
249,001,04,14,9
250,001,04,10,9
251,001,04,5,8
252,001,04,2,4
253,001,04,10,3
254,001,04,14,4
255,001,04,18,4
256,001,04,25,5
257,001,04,17,4
258,001,04,14,4
259,001,04,10,4
260,003,04,0,9
261,003,04,4,2
262,003,04,9,0
263,003,04,13,1
264,003,04,18,0
265,003,04,23,2
266,003,04,27,9
267,003,04,23,16
268,003,04,18,20
269,003,04,13,20
270,003,04,8,20
271,003,04,3,16
272,003,04,3,8
273,003,04,9,6
274,003,04,13,6
275,003,04,17,6
276,003,04,24,9
277,003,04,17,11
278,003,04,13,12
279,003,04,9,11
280,002,04,0,7
281,002,04,4,2
282,002,04,9,0
283,002,04,13,1
284,002,04,17,0
285,002,04,21,2
286,002,04,25,8
287,002,04,21,14
288,002,04,17,17
289,002,04,12,17
290,002,04,9,17
291,002,04,4,14
292,002,04,3,7
293,002,04,9,5
294,002,04,13,6
295,002,04,16,5
296,002,04,23,8
297,002,04,16,8
298,002,04,13,9
299,002,04,9,8
300,006,04,0,3
301,006,04,6,1
302,006,04,12,0
303,006,04,15,2
304,006,04,19,1
305,006,04,24,2
306,006,04,30,4
307,006,04,24,9
308,006,04,19,11
309,006,04,15,11
310,006,04,11,10
311,006,04,6,8
312,006,04,2,4
313,006,04,11,4
314,006,04,15,5
315,006,04,19,4
316,006,04,28,5
317,006,04,19,6
318,006,04,15,6
319,006,04,11,5
320,007,04,0,3
321,007,04,6,1
322,007,04,11,0
323,007,04,14,1
324,007,04,18,0
325,007,04,23,1
326,007,04,29,3
327,007,04,23,8
328,007,04,18,10
329,007,04,14,10
330,007,04,10,10
331,007,04,5,8
332,007,04,2,3
333,007,04,11,4
334,007,04,14,4
335,007,04,18,4
336,007,04,27,3
337,007,04,18,5
338,007,04,14,6
339,007,04,11,5
340,005,04,0,7
341,005,04,4,2
342,005,04,8,0
343,005,04,11,1
344,005,04,15,0
345,005,04,19,3
346,005,04,22,8
347,005,04,19,13
348,005,04,15,15
349,005,04,11,15
350,005,04,7,15
351,005,04,3,13
352,005,04,2,7
353,005,04,8,5
354,005,04,11,6
355,005,04,15,6
356,005,04,20,8
357,005,04,15,7
358,005,04,11,8
359,005,04,8,7
360,010,04,0,4
361,010,04,5,1
362,010,04,10,0
363,010,04,14,1
364,010,04,17,0
365,010,04,22,2
366,010,04,27,5
367,010,04,22,9
368,010,04,17,11
369,010,04,13,11
370,010,04,9,11
371,010,04,5,9
372,010,04,2,4
373,010,04,10,4
374,010,04,13,4
375,010,04,17,4
376,010,04,24,5
377,010,04,17,5
378,010,04,13,5
379,010,04,10,5
380,004,04,0,7
381,004,04,5,3
382,004,04,10,0
383,004,04,14,1
384,004,04,18,0
385,004,04,22,3
386,004,04,26,7
387,004,04,22,12
388,004,04,18,14
389,004,04,14,15
390,004,04,10,14
391,004,04,5,12
392,004,04,3,7
393,004,04,10,6
394,004,04,14,6
395,004,04,18,6
396,004,04,24,7
397,004,04,17,7
398,004,04,14,7
399,004,04,10,7
400,009,04,0,4
401,009,04,5,2
402,009,04,10,0
403,009,04,13,2
404,009,04,17,0
405,009,04,22,3
406,009,04,27,6
407,009,04,22,10
408,009,04,17,12
409,009,04,13,12
410,009,04,9,11
411,009,04,5,9
412,009,04,2,5
413,009,04,10,5
414,009,04,13,5
415,009,04,17,5
416,009,04,24,6
417,009,04,17,6
418,009,04,13,6
419,009,04,10,5
420,008,04,0,2
421,008,04,5,1
422,008,04,11,0
423,008,04,14,1
424,008,04,18,0
425,008,04,23,1
426,008,04,29,3
427,008,04,23,9
428,008,04,18,11
429,008,04,14,11
430,008,04,10,11
431,008,04,5,8
432,008,04,2,3
433,008,04,11,4
434,008,04,14,4
435,008,04,18,4
436,008,04,27,3
437,008,04,18,5
438,008,04,14,6
439,008,04,10,5
440,014,05,0,4
441,014,05,5,1
442,014,05,10,0
443,014,05,13,1
444,014,05,17,0
445,014,05,21,2
446,014,05,26,5
447,014,05,21,8
448,014,05,16,9
449,014,05,13,9
450,014,05,9,9
451,014,05,5,8
452,014,05,2,4
453,014,05,10,3
454,014,05,13,4
455,014,05,16,3
456,014,05,24,5
457,014,05,16,4
458,014,05,13,4
459,014,05,9,3
460,001,05,0,5
461,001,05,5,1
462,001,05,9,0
463,001,05,13,1
464,001,05,17,0
465,001,05,21,2
466,001,05,25,5
467,001,05,21,9
468,001,05,16,11
469,001,05,12,11
470,001,05,9,11
471,001,05,4,9
472,001,05,2,5
473,001,05,9,4
474,001,05,13,4
475,001,05,16,4
476,001,05,23,5
477,001,05,16,5
478,001,05,13,5
479,001,05,9,5
480,003,05,0,6
481,003,05,4,2
482,003,05,9,0
483,003,05,12,1
484,003,05,16,1
485,003,05,21,3
486,003,05,25,7
487,003,05,20,12
488,003,05,16,14
489,003,05,12,15
490,003,05,8,14
491,003,05,4,12
492,003,05,2,6
493,003,05,9,5
494,003,05,12,6
495,003,05,16,5
496,003,05,23,7
497,003,05,16,7
498,003,05,12,8
499,003,05,9,7
500,002,05,0,5
501,002,05,5,1
502,002,05,10,0
503,002,05,13,1
504,002,05,16,0
505,002,05,21,2
506,002,05,25,6
507,002,05,21,10
508,002,05,16,11
509,002,05,12,12
510,002,05,9,11
511,002,05,5,9
512,002,05,2,5
513,002,05,10,4
514,002,05,13,5
515,002,05,16,4
516,002,05,23,5
517,002,05,16,5
518,002,05,13,6
519,002,05,9,5
520,012,05,0,3
521,012,05,7,1
522,012,05,12,0
523,012,05,16,2
524,012,05,20,1
525,012,05,25,2
526,012,05,31,4
527,012,05,25,10
528,012,05,19,12
529,012,05,15,12
530,012,05,11,12
531,012,05,6,9
532,012,05,3,4
533,012,05,12,5
534,012,05,16,5
535,012,05,20,5
536,012,05,29,5
537,012,05,19,6
538,012,05,15,7
539,012,05,12,6
540,006,05,0,6
541,006,05,5,2
542,006,05,10,0
543,006,05,13,1
544,006,05,17,0
545,006,05,22,2
546,006,05,26,6
547,006,05,22,11
548,006,05,17,13
549,006,05,13,13
550,006,05,9,13
551,006,05,4,11
552,006,05,2,6
553,006,05,10,5
554,006,05,13,5
555,006,05,17,5
556,006,05,23,6
557,006,05,17,5
558,006,05,13,6
559,006,05,10,6
560,007,05,0,8
561,007,05,4,3
562,007,05,9,0
563,007,05,12,1
564,007,05,15,1
565,007,05,19,4
566,007,05,22,9
567,007,05,19,13
568,007,05,15,15
569,007,05,11,16
570,007,05,8,15
571,007,05,3,13
572,007,05,2,8
573,007,05,9,6
574,007,05,11,7
575,007,05,15,6
576,007,05,19,8
577,007,05,15,7
578,007,05,11,8
579,007,05,8,7
580,013,05,0,6
581,013,05,6,2
582,013,05,11,0
583,013,05,14,2
584,013,05,18,1
585,013,05,23,3
586,013,05,27,6
587,013,05,23,10
588,013,05,18,12
589,013,05,14,12
590,013,05,10,12
591,013,05,5,10
592,013,05,3,6
593,013,05,11,5
594,013,05,14,5
595,013,05,18,5
596,013,05,25,6
597,013,05,18,6
598,013,05,14,6
599,013,05,10,6
600,005,05,0,6
601,005,05,5,1
602,005,05,11,0
603,005,05,14,1
604,005,05,18,0
605,005,05,23,2
606,005,05,28,6
607,005,05,24,13
608,005,05,18,16
609,005,05,14,16
610,005,05,10,16
611,005,05,5,12
612,005,05,3,6
613,005,05,11,5
614,005,05,14,5
615,005,05,18,5
616,005,05,25,6
617,005,05,18,8
618,005,05,14,8
619,005,05,10,8
620,011,05,0,2
621,011,05,6,1
622,011,05,12,0
623,011,05,16,1
624,011,05,20,0
625,011,05,26,1
626,011,05,32,3
627,011,05,26,9
628,011,05,20,12
629,011,05,16,12
630,011,05,11,12
631,011,05,5,9
632,011,05,2,3
633,011,05,12,4
634,011,05,16,5
635,011,05,20,4
636,011,05,30,4
637,011,05,20,6
638,011,05,16,7
639,011,05,11,6
640,010,05,0,2
641,010,05,6,0
642,010,05,11,0
643,010,05,15,1
644,010,05,19,0
645,010,05,24,1
646,010,05,30,2
647,010,05,24,8
648,010,05,19,10
649,010,05,15,11
650,010,05,11,10
651,010,05,5,8
652,010,05,2,3
653,010,05,11,3
654,010,05,15,4
655,010,05,19,3
656,010,05,28,3
657,010,05,19,5
658,010,05,15,6
659,010,05,11,5
660,004,05,0,7
661,004,05,5,2
662,004,05,10,0
663,004,05,13,1
664,004,05,17,0
665,004,05,22,3
666,004,05,26,7
667,004,05,22,14
668,004,05,17,16
669,004,05,13,16
670,004,05,9,16
671,004,05,4,13
672,004,05,3,7
673,004,05,10,6
674,004,05,13,6
675,004,05,17,6
676,004,05,23,7
677,004,05,17,8
678,004,05,13,9
679,004,05,10,8
680,009,05,0,3
681,009,05,5,0
682,009,05,11,0
683,009,05,14,1
684,009,05,17,0
685,009,05,22,1
686,009,05,27,3
687,009,05,22,7
688,009,05,17,8
689,009,05,14,9
690,009,05,10,8
691,009,05,5,7
692,009,05,2,3
693,009,05,10,3
694,009,05,14,3
695,009,05,17,3
696,009,05,25,3
697,009,05,17,3
698,009,05,14,4
699,009,05,10,3
700,008,05,0,7
701,008,05,4,2
702,008,05,9,0
703,008,05,11,1
704,008,05,14,0
705,008,05,19,3
706,008,05,22,7
707,008,05,19,13
708,008,05,14,15
709,008,05,11,15
710,008,05,8,15
711,008,05,4,13
712,008,05,2,7
713,008,05,9,5
714,008,05,11,6
715,008,05,14,5
716,008,05,19,7
717,008,05,14,6
718,008,05,11,7
719,008,05,8,7
720,001,02,0,6
721,001,02,5,2
722,001,02,9,0
723,001,02,13,1
724,001,02,16,0
725,001,02,21,2
726,001,02,25,6
727,001,02,21,10
728,001,02,16,12
729,001,02,12,12
730,001,02,9,11
731,001,02,4,9
732,001,02,2,5
733,001,02,9,4
734,001,02,13,5
735,001,02,16,4
736,001,02,23,6
737,001,02,16,6
738,001,02,12,6
739,001,02,9,6
740,003,02,0,10
741,003,02,4,3
742,003,02,10,0
743,003,02,13,1
744,003,02,17,0
745,003,02,23,4
746,003,02,26,11
747,003,02,23,19
748,003,02,18,22
749,003,02,13,23
750,003,02,9,22
751,003,02,4,19
752,003,02,3,10
753,003,02,10,6
754,003,02,13,6
755,003,02,17,6
756,003,02,23,11
757,003,02,17,14
758,003,02,13,14
759,003,02,9,14
760,002,02,0,9
761,002,02,4,3
762,002,02,9,0
763,002,02,13,1
764,002,02,17,1
765,002,02,22,4
766,002,02,25,10
767,002,02,22,18
768,002,02,17,21
769,002,02,13,21
770,002,02,8,20
771,002,02,4,17
772,002,02,3,9
773,002,02,9,6
774,002,02,13,7
775,002,02,16,7
776,002,02,22,10
777,002,02,17,12
778,002,02,13,12
779,002,02,9,12
780,006,02,0,3
781,006,02,6,1
782,006,02,11,0
783,006,02,15,1
784,006,02,18,0
785,006,02,23,1
786,006,02,29,4
787,006,02,23,7
788,006,02,18,8
789,006,02,14,8
790,006,02,10,8
791,006,02,6,6
792,006,02,2,3
793,006,02,11,4
794,006,02,14,4
795,006,02,18,4
796,006,02,27,4
797,006,02,18,3
798,006,02,14,4
799,006,02,11,3
800,007,02,0,3
801,007,02,5,1
802,007,02,11,0
803,007,02,15,1
804,007,02,19,0
805,007,02,25,1
806,007,02,30,3
807,007,02,25,9
808,007,02,19,11
809,007,02,15,11
810,007,02,11,11
811,007,02,5,8
812,007,02,2,3
813,007,02,11,4
814,007,02,15,4
815,007,02,19,4
816,007,02,28,3
817,007,02,19,6
818,007,02,15,6
819,007,02,11,6
820,005,02,0,5
821,005,02,5,2
822,005,02,10,0
823,005,02,13,2
824,005,02,17,1
825,005,02,22,3
826,005,02,26,6
827,005,02,22,11
828,005,02,17,12
829,005,02,13,12
830,005,02,9,12
831,005,02,4,10
832,005,02,2,5
833,005,02,9,5
834,005,02,13,6
835,005,02,17,5
836,005,02,24,6
837,005,02,17,6
838,005,02,13,6
839,005,02,9,5
840,010,02,0,5
841,010,02,5,2
842,010,02,10,0
843,010,02,13,1
844,010,02,17,0
845,010,02,21,2
846,010,02,25,6
847,010,02,21,9
848,010,02,16,10
849,010,02,13,10
850,010,02,9,10
851,010,02,5,9
852,010,02,2,5
853,010,02,10,4
854,010,02,13,5
855,010,02,17,4
856,010,02,23,6
857,010,02,16,4
858,010,02,13,5
859,010,02,9,4
860,004,02,0,7
861,004,02,4,2
862,004,02,10,0
863,004,02,13,1
864,004,02,17,0
865,004,02,21,3
866,004,02,25,8
867,004,02,21,13
868,004,02,17,16
869,004,02,13,16
870,004,02,9,15
871,004,02,4,13
872,004,02,2,7
873,004,02,10,6
874,004,02,13,6
875,004,02,17,6
876,004,02,23,8
877,004,02,17,8
878,004,02,13,8
879,004,02,9,8
880,009,02,0,5
881,009,02,4,2
882,009,02,9,0
883,009,02,13,2
884,009,02,16,1
885,009,02,21,3
886,009,02,26,6
887,009,02,21,10
888,009,02,16,12
889,009,02,12,12
890,009,02,8,12
891,009,02,4,10
892,009,02,2,5
893,009,02,9,4
894,009,02,12,5
895,009,02,16,5
896,009,02,23,6
897,009,02,16,6
898,009,02,12,6
899,009,02,9,6
900,008,02,0,3
901,008,02,6,1
902,008,02,11,0
903,008,02,15,1
904,008,02,19,0
905,008,02,25,2
906,008,02,31,3
907,008,02,25,9
908,008,02,19,12
909,008,02,15,12
910,008,02,10,12
911,008,02,5,9
912,008,02,2,4
913,008,02,11,4
914,008,02,15,4
915,008,02,19,4
916,008,02,28,4
917,008,02,19,6
918,008,02,15,7
919,008,02,11,7
920,001,10,0,4
921,001,10,5,1
922,001,10,10,0
923,001,10,14,1
924,001,10,17,0
925,001,10,22,2
926,001,10,27,4
927,001,10,22,8
928,001,10,17,10
929,001,10,13,10
930,001,10,9,9
931,001,10,5,8
932,001,10,2,4
933,001,10,10,4
934,001,10,13,4
935,001,10,17,4
936,001,10,24,4
937,001,10,17,4
938,001,10,13,5
939,001,10,10,4
940,003,10,0,9
941,003,10,4,3
942,003,10,9,1
943,003,10,13,2
944,003,10,17,0
945,003,10,22,3
946,003,10,26,9
947,003,10,22,16
948,003,10,18,19
949,003,10,13,20
950,003,10,9,19
951,003,10,3,16
952,003,10,2,8
953,003,10,9,6
954,003,10,13,6
955,003,10,17,6
956,003,10,23,9
957,003,10,17,11
958,003,10,13,11
959,003,10,9,11
960,002,10,0,6
961,002,10,5,2
962,002,10,10,0
963,002,10,13,2
964,002,10,17,1
965,002,10,22,2
966,002,10,26,6
967,002,10,22,12
968,002,10,17,14
969,002,10,13,15
970,002,10,9,14
971,002,10,4,11
972,002,10,2,6
973,002,10,10,5
974,002,10,13,5
975,002,10,17,5
976,002,10,24,6
977,002,10,17,7
978,002,10,13,8
979,002,10,9,7
980,006,10,0,6
981,006,10,5,2
982,006,10,10,0
983,006,10,13,2
984,006,10,17,1
985,006,10,21,3
986,006,10,26,6
987,006,10,22,11
988,006,10,17,13
989,006,10,13,13
990,006,10,9,13
991,006,10,4,11
992,006,10,2,6
993,006,10,10,5
994,006,10,13,6
995,006,10,17,5
996,006,10,24,6
997,006,10,17,6
998,006,10,13,7
999,006,10,9,6
1000,007,10,0,3
1001,007,10,6,1
1002,007,10,10,0
1003,007,10,13,1
1004,007,10,17,0
1005,007,10,22,1
1006,007,10,27,3
1007,007,10,22,7
1008,007,10,17,9
1009,007,10,13,9
1010,007,10,10,9
1011,007,10,5,7
1012,007,10,2,3
1013,007,10,10,3
1014,007,10,13,4
1015,007,10,17,3
1016,007,10,25,3
1017,007,10,17,3
1018,007,10,13,4
1019,007,10,10,3
1020,005,10,0,6
1021,005,10,5,3
1022,005,10,9,0
1023,005,10,12,1
1024,005,10,15,0
1025,005,10,19,3
1026,005,10,23,7
1027,005,10,19,12
1028,005,10,15,14
1029,005,10,12,14
1030,005,10,8,14
1031,005,10,4,12
1032,005,10,3,6
1033,005,10,9,5
1034,005,10,12,6
1035,005,10,15,5
1036,005,10,21,7
1037,005,10,15,7
1038,005,10,12,7
1039,005,10,9,7
1040,004,10,0,6
1041,004,10,4,2
1042,004,10,9,0
1043,004,10,13,1
1044,004,10,16,0
1045,004,10,21,2
1046,004,10,25,7
1047,004,10,21,12
1048,004,10,17,14
1049,004,10,13,15
1050,004,10,9,14
1051,004,10,4,12
1052,004,10,2,6
1053,004,10,9,5
1054,004,10,13,5
1055,004,10,16,5
1056,004,10,22,6
1057,004,10,16,7
1058,004,10,13,7
1059,004,10,9,7
1060,009,10,0,2
1061,009,10,6,0
1062,009,10,11,0
1063,009,10,15,1
1064,009,10,19,0
1065,009,10,24,1
1066,009,10,29,2
1067,009,10,24,7
1068,009,10,19,10
1069,009,10,14,10
1070,009,10,11,10
1071,009,10,6,7
1072,009,10,2,2
1073,009,10,11,3
1074,009,10,15,3
1075,009,10,19,3
1076,009,10,27,2
1077,009,10,18,4
1078,009,10,15,5
1079,009,10,11,4
1080,008,10,0,2
1081,008,10,6,1
1082,008,10,12,0
1083,008,10,16,1
1084,008,10,19,0
1085,008,10,25,1
1086,008,10,31,2
1087,008,10,25,9
1088,008,10,20,12
1089,008,10,15,12
1090,008,10,11,12
1091,008,10,6,9
1092,008,10,2,3
1093,008,10,12,4
1094,008,10,16,4
1095,008,10,20,4
1096,008,10,29,3
1097,008,10,19,6
1098,008,10,15,7
1099,008,10,11,6
1100,001,07,0,4
1101,001,07,5,1
1102,001,07,10,0
1103,001,07,13,1
1104,001,07,16,0
1105,001,07,21,2
1106,001,07,25,5
1107,001,07,21,8
1108,001,07,16,10
1109,001,07,13,10
1110,001,07,9,10
1111,001,07,5,8
1112,001,07,2,4
1113,001,07,10,3
1114,001,07,13,4
1115,001,07,16,4
1116,001,07,23,5
1117,001,07,16,4
1118,001,07,13,5
1119,001,07,10,4
1120,003,07,0,8
1121,003,07,4,2
1122,003,07,9,0
1123,003,07,13,1
1124,003,07,17,0
1125,003,07,22,3
1126,003,07,25,8
1127,003,07,22,15
1128,003,07,17,18
1129,003,07,13,18
1130,003,07,9,18
1131,003,07,4,15
1132,003,07,2,8
1133,003,07,9,5
1134,003,07,13,6
1135,003,07,17,5
1136,003,07,23,8
1137,003,07,17,10
1138,003,07,13,10
1139,003,07,9,10
1140,002,07,0,8
1141,002,07,4,3
1142,002,07,9,0
1143,002,07,12,1
1144,002,07,16,0
1145,002,07,21,3
1146,002,07,24,9
1147,002,07,21,15
1148,002,07,16,18
1149,002,07,12,19
1150,002,07,8,18
1151,002,07,4,15
1152,002,07,3,8
1153,002,07,9,6
1154,002,07,12,6
1155,002,07,16,6
1156,002,07,22,8
1157,002,07,16,11
1158,002,07,12,11
1159,002,07,9,11
1160,012,07,0,2
1161,012,07,6,0
1162,012,07,11,0
1163,012,07,14,1
1164,012,07,18,0
1165,012,07,23,1
1166,012,07,28,3
1167,012,07,23,6
1168,012,07,18,6
1169,012,07,14,6
1170,012,07,10,6
1171,012,07,6,5
1172,012,07,2,2
1173,012,07,11,3
1174,012,07,14,3
1175,012,07,18,3
1176,012,07,27,3
1177,012,07,18,3
1178,012,07,14,3
1179,012,07,11,2
1180,006,07,0,7
1181,006,07,4,3
1182,006,07,9,0
1183,006,07,12,1
1184,006,07,15,1
1185,006,07,19,4
1186,006,07,23,8
1187,006,07,19,13
1188,006,07,15,15
1189,006,07,11,15
1190,006,07,8,14
1191,006,07,4,12
1192,006,07,2,7
1193,006,07,9,6
1194,006,07,11,6
1195,006,07,15,6
1196,006,07,21,8
1197,006,07,15,7
1198,006,07,11,7
1199,006,07,9,7
1200,007,07,0,6
1201,007,07,4,2
1202,007,07,9,0
1203,007,07,11,1
1204,007,07,15,0
1205,007,07,19,3
1206,007,07,23,7
1207,007,07,19,12
1208,007,07,14,14
1209,007,07,11,14
1210,007,07,8,14
1211,007,07,3,11
1212,007,07,2,6
1213,007,07,9,5
1214,007,07,11,5
1215,007,07,14,5
1216,007,07,20,7
1217,007,07,14,6
1218,007,07,11,7
1219,007,07,8,6
1220,005,07,0,6
1221,005,07,5,2
1222,005,07,10,0
1223,005,07,13,1
1224,005,07,17,0
1225,005,07,21,2
1226,005,07,25,6
1227,005,07,21,11
1228,005,07,17,13
1229,005,07,13,14
1230,005,07,9,14
1231,005,07,4,12
1232,005,07,2,6
1233,005,07,10,5
1234,005,07,13,5
1235,005,07,16,5
1236,005,07,23,6
1237,005,07,16,6
1238,005,07,13,7
1239,005,07,10,6
1240,011,07,0,2
1241,011,07,6,1
1242,011,07,11,0
1243,011,07,14,1
1244,011,07,18,1
1245,011,07,23,2
1246,011,07,29,4
1247,011,07,23,7
1248,011,07,18,8
1249,011,07,14,8
1250,011,07,10,8
1251,011,07,6,6
1252,011,07,2,3
1253,011,07,11,3
1254,011,07,14,4
1255,011,07,18,4
1256,011,07,27,4
1257,011,07,18,4
1258,011,07,14,4
1259,011,07,11,4
1260,010,07,0,1
1261,010,07,7,0
1262,010,07,12,0
1263,010,07,15,1
1264,010,07,19,0
1265,010,07,25,1
1266,010,07,30,2
1267,010,07,25,7
1268,010,07,19,9
1269,010,07,15,9
1270,010,07,11,9
1271,010,07,6,7
1272,010,07,2,2
1273,010,07,12,3
1274,010,07,15,3
1275,010,07,19,3
1276,010,07,29,2
1277,010,07,19,5
1278,010,07,15,5
1279,010,07,12,4
1280,004,07,0,5
1281,004,07,6,2
1282,004,07,11,0
1283,004,07,14,1
1284,004,07,18,0
1285,004,07,23,2
1286,004,07,28,6
1287,004,07,23,11
1288,004,07,18,14
1289,004,07,14,14
1290,004,07,10,13
1291,004,07,5,11
1292,004,07,3,6
1293,004,07,11,5
1294,004,07,14,5
1295,004,07,18,5
1296,004,07,26,6
1297,004,07,18,7
1298,004,07,14,7
1299,004,07,11,7
1300,009,07,0,3
1301,009,07,6,1
1302,009,07,12,0
1303,009,07,15,1
1304,009,07,19,0
1305,009,07,24,1
1306,009,07,30,3
1307,009,07,24,8
1308,009,07,19,10
1309,009,07,15,10
1310,009,07,11,10
1311,009,07,6,8
1312,009,07,2,3
1313,009,07,12,4
1314,009,07,15,5
1315,009,07,19,4
1316,009,07,28,4
1317,009,07,19,5
1318,009,07,15,6
1319,009,07,11,5
1320,008,07,0,3
1321,008,07,6,1
1322,008,07,11,0
1323,008,07,14,1
1324,008,07,18,0
1325,008,07,23,1
1326,008,07,28,4
1327,008,07,22,7
1328,008,07,17,8
1329,008,07,14,9
1330,008,07,10,8
1331,008,07,5,7
1332,008,07,2,3
1333,008,07,11,3
1334,008,07,14,4
1335,008,07,18,4
1336,008,07,26,4
1337,008,07,17,4
1338,008,07,14,4
1339,008,07,11,4
1340,001,09,0,3
1341,001,09,6,1
1342,001,09,11,0
1343,001,09,14,2
1344,001,09,18,1
1345,001,09,23,2
1346,001,09,28,4
1347,001,09,22,8
1348,001,09,18,10
1349,001,09,14,10
1350,001,09,10,9
1351,001,09,5,7
1352,001,09,2,4
1353,001,09,11,4
1354,001,09,14,5
1355,001,09,18,4
1356,001,09,26,4
1357,001,09,17,5
1358,001,09,14,5
1359,001,09,10,4
1360,003,09,0,6
1361,003,09,4,2
1362,003,09,10,0
1363,003,09,13,1
1364,003,09,17,0
1365,003,09,22,2
1366,003,09,27,7
1367,003,09,23,13
1368,003,09,18,16
1369,003,09,13,16
1370,003,09,9,16
1371,003,09,4,13
1372,003,09,3,7
1373,003,09,10,5
1374,003,09,13,6
1375,003,09,17,5
1376,003,09,24,7
1377,003,09,17,8
1378,003,09,13,8
1379,003,09,9,8
1380,002,09,0,4
1381,002,09,6,1
1382,002,09,11,0
1383,002,09,14,1
1384,002,09,18,0
1385,002,09,23,2
1386,002,09,28,4
1387,002,09,23,9
1388,002,09,18,12
1389,002,09,14,12
1390,002,09,10,12
1391,002,09,5,9
1392,002,09,2,4
1393,002,09,11,4
1394,002,09,14,5
1395,002,09,18,4
1396,002,09,26,5
1397,002,09,18,6
1398,002,09,14,6
1399,002,09,10,6
1400,006,09,0,6
1401,006,09,4,2
1402,006,09,9,0
1403,006,09,12,1
1404,006,09,16,0
1405,006,09,20,3
1406,006,09,24,7
1407,006,09,20,12
1408,006,09,16,13
1409,006,09,12,14
1410,006,09,8,13
1411,006,09,4,11
1412,006,09,2,6
1413,006,09,9,5
1414,006,09,12,6
1415,006,09,16,5
1416,006,09,21,7
1417,006,09,15,6
1418,006,09,12,7
1419,006,09,9,6
1420,007,09,0,5
1421,007,09,5,2
1422,007,09,10,0
1423,007,09,14,2
1424,007,09,17,1
1425,007,09,22,3
1426,007,09,26,7
1427,007,09,22,12
1428,007,09,17,13
1429,007,09,13,14
1430,007,09,9,13
1431,007,09,4,11
1432,007,09,2,6
1433,007,09,10,5
1434,007,09,14,6
1435,007,09,17,5
1436,007,09,24,6
1437,007,09,17,6
1438,007,09,13,7
1439,007,09,10,6
1440,005,09,0,6
1441,005,09,4,3
1442,005,09,9,0
1443,005,09,13,1
1444,005,09,17,1
1445,005,09,21,3
1446,005,09,26,7
1447,005,09,21,11
1448,005,09,17,13
1449,005,09,13,14
1450,005,09,9,13
1451,005,09,4,11
1452,005,09,2,7
1453,005,09,9,5
1454,005,09,13,6
1455,005,09,17,6
1456,005,09,23,7
1457,005,09,17,6
1458,005,09,13,7
1459,005,09,9,6
1460,011,09,0,4
1461,011,09,5,2
1462,011,09,10,0
1463,011,09,13,2
1464,011,09,17,1
1465,011,09,21,2
1466,011,09,27,5
1467,011,09,21,9
1468,011,09,16,11
1469,011,09,13,11
1470,011,09,9,10
1471,011,09,4,8
1472,011,09,2,4
1473,011,09,9,4
1474,011,09,13,5
1475,011,09,17,5
1476,011,09,24,5
1477,011,09,16,5
1478,011,09,13,5
1479,011,09,9,5
1480,010,09,0,5
1481,010,09,5,2
1482,010,09,10,0
1483,010,09,13,2
1484,010,09,17,1
1485,010,09,21,2
1486,010,09,26,5
1487,010,09,21,10
1488,010,09,17,12
1489,010,09,13,12
1490,010,09,9,11
1491,010,09,4,9
1492,010,09,2,5
1493,010,09,10,4
1494,010,09,13,5
1495,010,09,17,5
1496,010,09,24,6
1497,010,09,16,6
1498,010,09,13,6
1499,010,09,9,5
1500,004,09,0,7
1501,004,09,5,3
1502,004,09,11,0
1503,004,09,15,1
1504,004,09,19,0
1505,004,09,24,3
1506,004,09,28,7
1507,004,09,23,13
1508,004,09,18,15
1509,004,09,14,15
1510,004,09,10,15
1511,004,09,5,13
1512,004,09,2,7
1513,004,09,11,6
1514,004,09,14,6
1515,004,09,18,6
1516,004,09,26,7
1517,004,09,18,8
1518,004,09,14,8
1519,004,09,10,8
1520,009,09,0,4
1521,009,09,5,1
1522,009,09,10,0
1523,009,09,14,2
1524,009,09,18,1
1525,009,09,23,2
1526,009,09,28,4
1527,009,09,23,10
1528,009,09,18,12
1529,009,09,14,12
1530,009,09,10,12
1531,009,09,4,9
1532,009,09,2,4
1533,009,09,10,4
1534,009,09,14,5
1535,009,09,18,4
1536,009,09,26,5
1537,009,09,18,6
1538,009,09,14,7
1539,009,09,10,6
1540,008,09,0,2
1541,008,09,6,0
1542,008,09,11,0
1543,008,09,14,1
1544,008,09,18,0
1545,008,09,23,1
1546,008,09,28,4
1547,008,09,22,6
1548,008,09,18,7
1549,008,09,14,7
1550,008,09,10,7
1551,008,09,5,6
1552,008,09,2,3
1553,008,09,10,3
1554,008,09,14,4
1555,008,09,18,3
1556,008,09,26,4
1557,008,09,18,3
1558,008,09,14,3
1559,008,09,10,3
1560,001,08,0,3
1561,001,08,6,1
1562,001,08,11,0
1563,001,08,15,1
1564,001,08,19,0
1565,001,08,23,2
1566,001,08,29,3
1567,001,08,23,7
1568,001,08,18,9
1569,001,08,14,9
1570,001,08,11,8
1571,001,08,6,7
1572,001,08,2,3
1573,001,08,11,3
1574,001,08,15,4
1575,001,08,19,4
1576,001,08,27,4
1577,001,08,18,4
1578,001,08,14,5
1579,001,08,11,4
1580,003,08,0,7
1581,003,08,5,3
1582,003,08,11,1
1583,003,08,14,1
1584,003,08,18,0
1585,003,08,24,2
1586,003,08,28,7
1587,003,08,24,14
1588,003,08,19,17
1589,003,08,14,18
1590,003,08,10,18
1591,003,08,4,15
1592,003,08,2,7
1593,003,08,10,6
1594,003,08,14,6
1595,003,08,18,6
1596,003,08,25,7
1597,003,08,18,10
1598,003,08,14,10
1599,003,08,10,10
1600,002,08,0,5
1601,002,08,5,2
1602,002,08,11,0
1603,002,08,14,1
1604,002,08,19,0
1605,002,08,24,2
1606,002,08,29,5
1607,002,08,24,12
1608,002,08,18,14
1609,002,08,14,15
1610,002,08,10,14
1611,002,08,4,11
1612,002,08,2,5
1613,002,08,10,5
1614,002,08,14,6
1615,002,08,18,5
1616,002,08,27,5
1617,002,08,18,8
1618,002,08,14,8
1619,002,08,10,8
1620,006,08,0,6
1621,006,08,4,2
1622,006,08,9,0
1623,006,08,12,1
1624,006,08,16,0
1625,006,08,20,3
1626,006,08,24,7
1627,006,08,20,12
1628,006,08,16,13
1629,006,08,12,14
1630,006,08,8,13
1631,006,08,4,11
1632,006,08,2,6
1633,006,08,9,5
1634,006,08,12,6
1635,006,08,16,5
1636,006,08,22,6
1637,006,08,16,6
1638,006,08,12,6
1639,006,08,9,6
1640,007,08,0,4
1641,007,08,5,2
1642,007,08,10,0
1643,007,08,13,1
1644,007,08,17,0
1645,007,08,22,2
1646,007,08,27,5
1647,007,08,22,10
1648,007,08,17,12
1649,007,08,13,12
1650,007,08,9,12
1651,007,08,5,9
1652,007,08,2,5
1653,007,08,10,5
1654,007,08,13,5
1655,007,08,17,5
1656,007,08,25,6
1657,007,08,17,5
1658,007,08,13,6
1659,007,08,10,5
1660,005,08,0,7
1661,005,08,4,2
1662,005,08,9,0
1663,005,08,13,1
1664,005,08,16,0
1665,005,08,21,3
1666,005,08,24,8
1667,005,08,21,13
1668,005,08,16,15
1669,005,08,12,15
1670,005,08,8,15
1671,005,08,4,13
1672,005,08,2,7
1673,005,08,9,5
1674,005,08,12,6
1675,005,08,16,5
1676,005,08,22,7
1677,005,08,16,7
1678,005,08,12,8
1679,005,08,9,7
1680,011,08,0,2
1681,011,08,5,0
1682,011,08,10,0
1683,011,08,14,1
1684,011,08,17,0
1685,011,08,22,2
1686,011,08,28,4
1687,011,08,22,7
1688,011,08,17,8
1689,011,08,13,8
1690,011,08,9,7
1691,011,08,5,5
1692,011,08,1,3
1693,011,08,10,3
1694,011,08,14,4
1695,011,08,17,4
1696,011,08,26,4
1697,011,08,17,3
1698,011,08,13,4
1699,011,08,10,3
1700,010,08,0,2
1701,010,08,6,1
1702,010,08,12,0
1703,010,08,15,2
1704,010,08,19,1
1705,010,08,24,2
1706,010,08,30,4
1707,010,08,24,9
1708,010,08,18,11
1709,010,08,14,11
1710,010,08,10,10
1711,010,08,5,8
1712,010,08,2,3
1713,010,08,11,4
1714,010,08,15,5
1715,010,08,19,4
1716,010,08,27,4
1717,010,08,18,5
1718,010,08,15,6
1719,010,08,11,5
1720,004,08,0,8
1721,004,08,5,3
1722,004,08,11,1
1723,004,08,14,1
1724,004,08,19,0
1725,004,08,23,3
1726,004,08,26,8
1727,004,08,23,14
1728,004,08,19,17
1729,004,08,14,18
1730,004,08,10,17
1731,004,08,5,15
1732,004,08,3,8
1733,004,08,10,6
1734,004,08,14,6
1735,004,08,18,6
1736,004,08,24,8
1737,004,08,19,9
1738,004,08,14,10
1739,004,08,10,9
1740,009,08,0,3
1741,009,08,6,1
1742,009,08,11,0
1743,009,08,15,1
1744,009,08,19,0
1745,009,08,24,2
1746,009,08,29,4
1747,009,08,24,8
1748,009,08,18,10
1749,009,08,14,10
1750,009,08,10,10
1751,009,08,5,7
1752,009,08,2,3
1753,009,08,11,4
1754,009,08,15,5
1755,009,08,19,4
1756,009,08,27,4
1757,009,08,18,5
1758,009,08,14,6
1759,009,08,11,5
1760,008,08,0,2
1761,008,08,6,1
1762,008,08,11,0
1763,008,08,15,1
1764,008,08,18,0
1765,008,08,23,1
1766,008,08,29,3
1767,008,08,23,7
1768,008,08,18,8
1769,008,08,14,8
1770,008,08,10,8
1771,008,08,5,6
1772,008,08,2,3
1773,008,08,11,3
1774,008,08,14,4
1775,008,08,18,3
1776,008,08,27,4
1777,008,08,18,3
1778,008,08,14,4
1779,008,08,11,3
1780,001,01,0,5
1781,001,01,4,1
1782,001,01,9,0
1783,001,01,12,1
1784,001,01,16,0
1785,001,01,20,2
1786,001,01,25,5
1787,001,01,20,9
1788,001,01,16,11
1789,001,01,12,11
1790,001,01,8,10
1791,001,01,4,9
1792,001,01,2,5
1793,001,01,9,4
1794,001,01,12,4
1795,001,01,16,4
1796,001,01,23,5
1797,001,01,16,5
1798,001,01,12,5
1799,001,01,9,5
1800,003,01,0,7
1801,003,01,4,2
1802,003,01,10,0
1803,003,01,14,1
1804,003,01,17,0
1805,003,01,23,2
1806,003,01,28,8
1807,003,01,24,14
1808,003,01,18,17
1809,003,01,14,18
1810,003,01,10,17
1811,003,01,4,14
1812,003,01,3,7
1813,003,01,10,5
1814,003,01,14,6
1815,003,01,17,5
1816,003,01,25,7
1817,003,01,18,9
1818,003,01,14,10
1819,003,01,10,9
1820,002,01,0,8
1821,002,01,3,3
1822,002,01,8,0
1823,002,01,12,1
1824,002,01,16,0
1825,002,01,20,3
1826,002,01,24,9
1827,002,01,21,16
1828,002,01,16,19
1829,002,01,12,20
1830,002,01,7,19
1831,002,01,3,16
1832,002,01,2,8
1833,002,01,8,5
1834,002,01,12,5
1835,002,01,15,5
1836,002,01,21,9
1837,002,01,16,11
1838,002,01,12,11
1839,002,01,8,11
1840,006,01,0,5
1841,006,01,5,1
1842,006,01,10,0
1843,006,01,13,1
1844,006,01,17,0
1845,006,01,22,2
1846,006,01,27,6
1847,006,01,22,11
1848,006,01,17,12
1849,006,01,13,12
1850,006,01,9,12
1851,006,01,4,10
1852,006,01,2,5
1853,006,01,10,4
1854,006,01,13,5
1855,006,01,17,5
1856,006,01,24,6
1857,006,01,16,6
1858,006,01,13,6
1859,006,01,9,6
1860,007,01,0,5
1861,007,01,4,1
1862,007,01,9,0
1863,007,01,13,1
1864,007,01,16,0
1865,007,01,21,2
1866,007,01,27,5
1867,007,01,21,10
1868,007,01,16,12
1869,007,01,12,12
1870,007,01,9,12
1871,007,01,4,10
1872,007,01,2,5
1873,007,01,9,4
1874,007,01,13,5
1875,007,01,16,4
1876,007,01,24,5
1877,007,01,16,6
1878,007,01,13,7
1879,007,01,9,6
1880,005,01,0,8
1881,005,01,3,3
1882,005,01,8,0
1883,005,01,11,1
1884,005,01,14,0
1885,005,01,18,3
1886,005,01,21,8
1887,005,01,18,13
1888,005,01,14,15
1889,005,01,10,15
1890,005,01,7,15
1891,005,01,3,13
1892,005,01,2,7
1893,005,01,8,6
1894,005,01,11,6
1895,005,01,14,6
1896,005,01,19,8
1897,005,01,14,7
1898,005,01,11,8
1899,005,01,8,7
1900,010,01,0,4
1901,010,01,5,1
1902,010,01,10,0
1903,010,01,14,1
1904,010,01,17,0
1905,010,01,22,2
1906,010,01,27,4
1907,010,01,22,9
1908,010,01,17,11
1909,010,01,13,11
1910,010,01,9,11
1911,010,01,5,8
1912,010,01,2,4
1913,010,01,10,4
1914,010,01,13,5
1915,010,01,17,4
1916,010,01,24,5
1917,010,01,17,5
1918,010,01,13,6
1919,010,01,10,5
1920,004,01,0,7
1921,004,01,5,3
1922,004,01,11,0
1923,004,01,14,1
1924,004,01,18,0
1925,004,01,23,3
1926,004,01,28,7
1927,004,01,24,12
1928,004,01,19,14
1929,004,01,14,15
1930,004,01,10,14
1931,004,01,5,12
1932,004,01,3,7
1933,004,01,11,6
1934,004,01,14,6
1935,004,01,18,6
1936,004,01,25,7
1937,004,01,18,7
1938,004,01,14,7
1939,004,01,11,7
1940,009,01,0,3
1941,009,01,5,1
1942,009,01,10,0
1943,009,01,13,1
1944,009,01,17,0
1945,009,01,22,2
1946,009,01,27,4
1947,009,01,22,9
1948,009,01,17,11
1949,009,01,13,11
1950,009,01,9,11
1951,009,01,5,9
1952,009,01,2,4
1953,009,01,10,4
1954,009,01,13,4
1955,009,01,17,4
1956,009,01,24,5
1957,009,01,16,5
1958,009,01,13,6
1959,009,01,10,5
1960,008,01,0,5
1961,008,01,5,2
1962,008,01,10,0
1963,008,01,14,1
1964,008,01,18,0
1965,008,01,22,2
1966,008,01,27,6
1967,008,01,22,10
1968,008,01,17,12
1969,008,01,13,13
1970,008,01,10,12
1971,008,01,5,10
1972,008,01,2,5
1973,008,01,10,4
1974,008,01,14,5
1975,008,01,18,5
1976,008,01,25,6
1977,008,01,17,6
1978,008,01,14,7
1979,008,01,10,6
1980,001,06,0,5
1981,001,06,5,2
1982,001,06,10,0
1983,001,06,13,1
1984,001,06,17,0
1985,001,06,21,2
1986,001,06,26,5
1987,001,06,21,8
1988,001,06,17,10
1989,001,06,13,10
1990,001,06,9,10
1991,001,06,5,8
1992,001,06,2,5
1993,001,06,10,4
1994,001,06,13,5
1995,001,06,17,4
1996,001,06,24,5
1997,001,06,17,4
1998,001,06,13,5
1999,001,06,10,4
2000,003,06,0,9
2001,003,06,4,3
2002,003,06,9,0
2003,003,06,13,1
2004,003,06,17,0
2005,003,06,22,3
2006,003,06,25,9
2007,003,06,22,16
2008,003,06,17,20
2009,003,06,13,20
2010,003,06,9,20
2011,003,06,3,17
2012,003,06,3,9
2013,003,06,9,6
2014,003,06,13,6
2015,003,06,17,6
2016,003,06,22,9
2017,003,06,17,10
2018,003,06,13,11
2019,003,06,9,11
2020,002,06,0,5
2021,002,06,5,2
2022,002,06,10,0
2023,002,06,13,1
2024,002,06,16,0
2025,002,06,21,2
2026,002,06,25,5
2027,002,06,21,9
2028,002,06,16,11
2029,002,06,12,11
2030,002,06,9,11
2031,002,06,5,9
2032,002,06,2,5
2033,002,06,10,4
2034,002,06,13,5
2035,002,06,16,4
2036,002,06,23,5
2037,002,06,16,5
2038,002,06,13,5
2039,002,06,9,5
2040,012,06,0,3
2041,012,06,6,1
2042,012,06,11,0
2043,012,06,14,1
2044,012,06,18,0
2045,012,06,23,1
2046,012,06,28,4
2047,012,06,23,7
2048,012,06,18,9
2049,012,06,14,9
2050,012,06,10,9
2051,012,06,5,7
2052,012,06,2,3
2053,012,06,10,3
2054,012,06,14,4
2055,012,06,18,4
2056,012,06,26,4
2057,012,06,18,3
2058,012,06,14,4
2059,012,06,10,3
2060,006,06,0,6
2061,006,06,4,2
2062,006,06,9,0
2063,006,06,12,1
2064,006,06,15,0
2065,006,06,19,3
2066,006,06,23,7
2067,006,06,19,13
2068,006,06,15,15
2069,006,06,11,15
2070,006,06,8,15
2071,006,06,3,12
2072,006,06,2,7
2073,006,06,9,5
2074,006,06,12,6
2075,006,06,15,6
2076,006,06,20,7
2077,006,06,15,7
2078,006,06,11,7
2079,006,06,8,7
2080,007,06,0,5
2081,007,06,5,2
2082,007,06,10,0
2083,007,06,13,1
2084,007,06,16,1
2085,007,06,21,3
2086,007,06,25,6
2087,007,06,21,11
2088,007,06,16,13
2089,007,06,12,13
2090,007,06,9,12
2091,007,06,4,10
2092,007,06,2,5
2093,007,06,9,5
2094,007,06,13,5
2095,007,06,16,5
2096,007,06,23,6
2097,007,06,16,6
2098,007,06,13,7
2099,007,06,9,6
2100,005,06,0,6
2101,005,06,5,2
2102,005,06,10,0
2103,005,06,13,1
2104,005,06,16,0
2105,005,06,21,2
2106,005,06,24,7
2107,005,06,21,13
2108,005,06,16,15
2109,005,06,12,16
2110,005,06,9,15
2111,005,06,4,13
2112,005,06,3,7
2113,005,06,9,5
2114,005,06,13,6
2115,005,06,16,6
2116,005,06,22,7
2117,005,06,16,7
2118,005,06,13,8
2119,005,06,9,7
2120,011,06,0,4
2121,011,06,6,2
2122,011,06,11,0
2123,011,06,14,2
2124,011,06,18,1
2125,011,06,23,2
2126,011,06,28,5
2127,011,06,23,9
2128,011,06,18,10
2129,011,06,14,10
2130,011,06,10,10
2131,011,06,6,8
2132,011,06,2,4
2133,011,06,11,4
2134,011,06,14,5
2135,011,06,18,4
2136,011,06,26,5
2137,011,06,18,5
2138,011,06,14,5
2139,011,06,10,5
2140,010,06,0,2
2141,010,06,6,1
2142,010,06,12,0
2143,010,06,15,1
2144,010,06,18,0
2145,010,06,24,1
2146,010,06,29,3
2147,010,06,24,8
2148,010,06,18,9
2149,010,06,15,10
2150,010,06,11,9
2151,010,06,6,7
2152,010,06,2,3
2153,010,06,11,3
2154,010,06,15,4
2155,010,06,18,3
2156,010,06,27,4
2157,010,06,18,5
2158,010,06,15,5
2159,010,06,11,4
2160,004,06,0,8
2161,004,06,4,3
2162,004,06,10,0
2163,004,06,13,1
2164,004,06,17,0
2165,004,06,22,2
2166,004,06,26,7
2167,004,06,23,14
2168,004,06,18,17
2169,004,06,13,17
2170,004,06,9,17
2171,004,06,4,14
2172,004,06,3,8
2173,004,06,10,5
2174,004,06,13,5
2175,004,06,17,5
2176,004,06,24,7
2177,004,06,17,9
2178,004,06,13,9
2179,004,06,10,9
2180,009,06,0,3
2181,009,06,6,1
2182,009,06,12,0
2183,009,06,15,1
2184,009,06,19,0
2185,009,06,24,1
2186,009,06,29,3
2187,009,06,24,8
2188,009,06,19,11
2189,009,06,15,11
2190,009,06,11,11
2191,009,06,6,8
2192,009,06,2,3
2193,009,06,12,3
2194,009,06,15,4
2195,009,06,19,3
2196,009,06,27,3
2197,009,06,18,5
2198,009,06,15,6
2199,009,06,12,5
2200,008,06,0,2
2201,008,06,5,1
2202,008,06,10,0
2203,008,06,14,1
2204,008,06,17,0
2205,008,06,22,1
2206,008,06,28,3
2207,008,06,22,7
2208,008,06,17,8
2209,008,06,13,8
2210,008,06,10,8
2211,008,06,5,6
2212,008,06,2,3
2213,008,06,10,3
2214,008,06,13,4
2215,008,06,17,3
2216,008,06,26,3
2217,008,06,17,3
2218,008,06,13,4
2219,008,06,10,3
